18 9
10 11 13 14 17 0 1 30 36 48 50 41 43 44 68 71 60 64 86 81 108 113 96 101 129 116 120 121 122 123 143 144 146 147 150
9 37 C
37 56 O
56 46 M
46 74 P
74 93 F
93 84 E
84 94 S
94 85 T
85 104 1
104 132 3
132 103 {
103 131 M
131 102 1
102 112 s
112 83 5
83 92 0
92 63 l
63 72 d
72 53 T
53 24 v
24 52 S
52 42 h
42 61 0
61 80 w
80 99 _
99 118 2
118 127 9
127 98 4
98 79 7
79 88 8
88 59 c
59 87 7
87 77 c
77 105 2
105 76 f
76 -1 }
37 28 O
28 47 M
47 75 P
75 66 F
75 65 f
18 8 C
8 27 O
27 55 M
55 26 P
26 35 F
35 7 E
7 16 S
16 6 T
6 25 {
25 54 A
54 45 }
6 34 1
34 15 3
15 5 {
5 33 h
33 4
33 23 E
23 51 y
51 32
51 22 _
22 3 Y
3 31 o
31 2 U
2 12 }
132 151
102 111
102 130 S
130 149 s
63 73
72 91 s
91 82 !
72 62 T
62 90 v
90 109 ?
109 100 u
100 110 }
100 119 W
119 148 u
99 128
61 89
89 70
127 117
117 126
126 145
59 69
59 78
78 107
107 97
78 106
106 125
125 115
115 124
124 95
124 114
87 58
58 67
58 39
39 49
49 21
49 40
39 20
20 29
29 19
19 38
38 57